65
174
7
138
111
200
63
147
69
90
157
39
92
6
169
210
21
145
141
239
103
46
4
140
19
7
216
131
30
210
120
215
68
139
14
233
56
187
102
150
232
138
32
61
148
39
75
24
110
80
45
6
83
230
159
137
37
145
252
114
96
146
6
236
50
175
250
103
206
93
30
88
13
226
164
141
200
51
178
183
229
159
201
172
203
58
137
93
80
96
104
229
168
241
101
249
143
84
78
163
242
108
15
129
133
149
138
24
156
217
175
63
61
127
142
57
161
225
116
252
11
154
136
85
206
140
120
19
255
146
83
5
137
10
100
178
237
48
61
105
127
165
215
77
6
149
102
42
231
126
